x=3.141590

ceil(x)  = 4.000000
floor(x) = 3.000000
