x=30.000000
y=3.000000

pow(x,y) = 27000.000000
