fx = 100.000000
sqrtf(fx) = 10.000000

dx = 100.000000
sqrt(dx)  = 10.000000

lx = 100.000000
sqrtl(lx) = 10.000000

