trapezoid = 17.500000
trapezoid = 38.500000
