triangle = 6.000000
triangle = 15.000000
